0,455
58,1
14,9
0,385
3,2
3,1
3,3
10,152
10,114
10,172
10,76
10,290
10,210
10,312
10,126
10,2
10,3
11,7
11,9
11,17
11,15
11,24
11,2
11,3
9,7
9,6
9,1
9,4
8,18
8,11
8,16
8,12
8,17
8,10
20,2
20,1
20,3
145,7
145,6
145,5
145,4
145,3
145,2
145,1
145,0
144,6
144,5
144,4
144,3
144,2
144,1
144,0
143,7
143,6
143,5
143,4
143,3
143,2
143,1
143,0
142,8
142,7
142,6
142,5
142,4
142,3
142,2
142,1
142,0
141,8
141,7
141,6
141,5
141,4
141,3
141,2
141,1
141,0
140,8
140,7
140,6
140,5
140,4
140,3
140,2
140,1
140,0
139,8
139,7
139,6
139,5
139,4
139,3
139,2
139,1
139,0
138,8
138,7
138,6
138,5
138,4
138,3
138,2
138,1
138,0
137,4
137,3
137,2
137,1
137,0
14,1
132,6
132,5
14,16
132,4
14,3
132,3
132,2
13,1
132,1
13,3
132,0
130,8
130,7
130,6
130,5
130,4
130,3
